- work:
    address: 555 Collins St, Melbourne VIC 3000
    lat: -37.818543
    lon: 144.956225